100
-20 49
-62 -68
-89 20
-80 -4
98 16
-13 -77
-19 -22
-89 -62
-49 69
60 1
-84 -71
-41 -19
-88 -61
-48 -54
71 -38
-35 24
-64 47
63 -49
36 5
69 33
-17 -84
95 -73
-14 -22
-76 42
64 -44
-91 -43
95 16
96 57
-76 22
89 -53
42 22
36 -71
94 -13
25 55
41 -85
-44 -52
80 54
-92 75
-53 95
-19 -45
-7 41
-20 -48
-52 88
-31 -67
-78 85
-33 33
-63 -28
-74 30
-70 -79
-100 -59
-66 -31
-91 -95
-23 -73
-97 79
22 -13
80 5
-82 -25
45 -49
-32 45
-67 22
-53 -5
67 -5
-66 -52
22 52
-69 -14
-20 -4
100 -8
-18 36
-77 -99
-73 -64
-45 -86
-59 -26
-61 74
47 -44
-80 -97
-29 95
-52 -81
-89 63
94 -60
-28 24
-35 -85
23 -25
-80 -77
75 -64
45 -32
-98 16
-59 -9
85 45
-27 -7
-84 -69
-31 97
-65 -49
-41 4
-31 -61
-50 -89
-30 79
-86 -72
-39 -99
-42 -23
-26 68